/* ====== Data for Germany ======= */
Germany[dead]:[0,0,0,0,0,0,0,0,0,0,0,0,0,0,0,0,0,0,0,0,0,0,0,0,0,0,0,0,0,0,0,0,0,0,0,0,0,0,0,0,0,0,0,0,0,0,0,2,2,3,3,7,9,11,17,24,28,44,67,84,94,123,157,206,267,342,433,533,645,775,920,1107,1275,1444,1584,1810,2016,2349,2607,2767,2736,3022,3194,3294,3804,4052,4352,4459,4586,4862,5033,5279,5575,5760,5877,5976,6126,6314,6467,6623,6736,6812,6866,6993,6993,7275,7392,7510,7549,7569,7661,7738,7861,7884,7897,7938,7962,8003,8081,8144,8203,8228,8261,8283,8309,8372,8428,8470,8504,8530,8540,8555,8563,8602,8635,8658,8673,8685,8695,8736,8752,8772,8783,8793,8801,8807,8820,8851,8875,8887,8895,8895,8899,8914,8928,8940,8965];
Germany[infected]:[0,0,0,0,0,1,4,4,4,5,8,10,12,12,12,12,13,13,14,14,16,16,16,16,16,16,16,16,16,16,16,16,16,16,17,27,46,48,79,130,159,196,262,482,670,799,1040,1176,1457,1908,2078,3675,4585,5795,7272,9257,12327,15320,19848,22213,24873,29056,32986,37323,43938,50871,57695,62095,66885,71808,77872,84794,91159,96092,100123,103374,107663,113296,118181,122171,124908,127854,130072,131359,134753,137698,141397,143342,145184,147065,148291,150648,153129,154999,156513,157770,158758,159912,161539,163009,164077,164967,165664,166152,167007,168162,169430,170588,171324,171879,172576,173171,174098,174478,175233,175752,176369,176551,177778,178473,179021,179710,179986,180328,180600,181200,181524,182196,182922,183189,183410,183594,183879,184121,184472,184924,185450,185750,186109,186506,186522,186691,187226,187267,187518,187682,188252,188604,189817,190299,190670,191272,191768,192480,192871,193371,194036];
Germany[recovered]:[0,0,0,0,0,0,0,0,0,0,0,0,0,0,0,0,0,0,0,0,0,0,1,1,1,1,1,12,12,12,14,14,14,14,14,15,16,16,16,16,16,16,16,16,17,18,18,18,18,25,25,46,46,46,67,67,105,113,180,233,266,266,3243,3547,5673,6658,8481,9211,13500,16100,18700,22440,24575,26400,28700,28700,36081,46300,52407,53913,57400,60300,64300,68200,72600,77000,83114,85400,88000,91500,95200,99400,103300,109800,109800,112000,114500,117400,120400,123500,126900,129000,130600,132700,135100,139900,141700,141700,143300,144400,145617,147200,148700,150300,151597,152600,154011,155041,155681,156966,158087,159064,159716,160281,161199,161967,162820,163360,164245,164908,165352,165632,166609,167453,167909,168480,168958,169224,169556,170129,170630,170961,171535,171970,172089,172692,172842,173599,173847,173972,174609,174740,175143,175825,176422,176764,177149];


/* ====== Data for Germany ======= */
Germany[dead]:[0,0,0,0,0,0,0,0,0,0,0,0,0,0,0,0,0,0,0,0,0,0,0,0,0,0,0,0,0,0,0,0,0,0,0,0,0,0,0,0,0,0,0,0,0,0,0,2,2,3,3,7,9,11,17,24,28,44,67,84,94,123,157,206,267,342,433,533,645,775,920,1107,1275,1444,1584,1810,2016,2349,2607,2767,2736,3022,3194,3294,3804,4052,4352,4459,4586,4862,5033,5279,5575,5760,5877,5976,6126,6314,6467,6623,6736,6812,6866,6993,6993,7275,7392,7510,7549,7569,7661,7738,7861,7884,7897,7938,7962,8003,8081,8144,8203,8228,8261,8283,8309,8372,8428,8470,8504,8530,8540,8555,8563,8602,8635,8658,8673,8685,8695,8736,8752,8772,8783,8793,8801,8807,8820,8851,8875,8887,8895,8895,8899,8914,8928,8940,8965];
Germany[infected]:[0,0,0,0,0,1,4,4,4,5,8,10,12,12,12,12,13,13,14,14,16,16,16,16,16,16,16,16,16,16,16,16,16,16,17,27,46,48,79,130,159,196,262,482,670,799,1040,1176,1457,1908,2078,3675,4585,5795,7272,9257,12327,15320,19848,22213,24873,29056,32986,37323,43938,50871,57695,62095,66885,71808,77872,84794,91159,96092,100123,103374,107663,113296,118181,122171,124908,127854,130072,131359,134753,137698,141397,143342,145184,147065,148291,150648,153129,154999,156513,157770,158758,159912,161539,163009,164077,164967,165664,166152,167007,168162,169430,170588,171324,171879,172576,173171,174098,174478,175233,175752,176369,176551,177778,178473,179021,179710,179986,180328,180600,181200,181524,182196,182922,183189,183410,183594,183879,184121,184472,184924,185450,185750,186109,186506,186522,186691,187226,187267,187518,187682,188252,188604,189817,190299,190670,191272,191768,192480,192871,193371,194036];
Germany[recovered]:[0,0,0,0,0,0,0,0,0,0,0,0,0,0,0,0,0,0,0,0,0,0,1,1,1,1,1,12,12,12,14,14,14,14,14,15,16,16,16,16,16,16,16,16,17,18,18,18,18,25,25,46,46,46,67,67,105,113,180,233,266,266,3243,3547,5673,6658,8481,9211,13500,16100,18700,22440,24575,26400,28700,28700,36081,46300,52407,53913,57400,60300,64300,68200,72600,77000,83114,85400,88000,91500,95200,99400,103300,109800,109800,112000,114500,117400,120400,123500,126900,129000,130600,132700,135100,139900,141700,141700,143300,144400,145617,147200,148700,150300,151597,152600,154011,155041,155681,156966,158087,159064,159716,160281,161199,161967,162820,163360,164245,164908,165352,165632,166609,167453,167909,168480,168958,169224,169556,170129,170630,170961,171535,171970,172089,172692,172842,173599,173847,173972,174609,174740,175143,175825,176422,176764,177149];


/* ====== Data for Italy ======= */
Italy[dead]:[0,0,0,0,0,0,0,0,0,0,0,0,0,0,0,0,0,0,0,0,0,0,0,0,0,0,0,0,0,0,1,2,3,7,10,12,17,21,29,34,52,79,107,148,197,233,366,463,631,827,1016,1266,1441,1809,2158,2503,2978,3405,4032,4825,5476,6077,6820,7503,8215,9134,10023,10779,11591,12428,13155,13915,14681,15362,15887,16523,17127,17669,18279,18849,19468,19899,20465,21067,21645,22170,22745,23227,23660,24114,24648,25085,25549,25969,26384,26644,26977,27359,27682,27967,28236,28710,28884,29079,29315,29684,29958,30201,30395,30560,30739,30911,31106,31368,31610,31763,31908,32007,32169,32330,32486,32616,32735,32785,32877,32955,33072,33142,33229,33340,33415,33475,33530,33601,33689,33774,33846,33899,33964,34043,34114,34167,34223,34301,34345,34371,34405,34448,34514,34561,34610,34634,34657,34675,34644,34678,34708];
Italy[infected]:[0,0,0,0,0,0,0,0,0,2,2,2,2,2,2,2,3,3,3,3,3,3,3,3,3,3,3,3,3,3,20,62,155,229,322,453,655,888,1128,1694,2036,2502,3089,3858,4636,5883,7375,9172,10149,12462,15113,17660,21157,24747,27980,31506,35713,41035,47021,53578,59138,63927,69176,74386,80589,86498,92472,97689,101739,105792,110574,115242,119827,124632,128948,132547,135586,139422,143626,147577,152271,156363,159516,162488,165155,168941,172434,175925,178972,181228,183957,187327,189973,192994,195351,197675,199414,201505,203591,205463,207428,209328,210717,211938,213013,214457,215858,217185,218268,219070,219814,221216,222104,223096,223885,224760,225435,225886,226699,227364,228006,228658,229327,229858,230158,230555,231139,231732,232248,232664,232997,233197,233515,233836,234013,234531,234801,234998,235278,235561,235763,236142,236305,236651,236989,237290,237500,237828,238159,238011,238275,238499,238720,238833,239410,239706,239961];
Italy[recovered]:[0,0,0,0,0,0,0,0,0,0,0,0,0,0,0,0,0,0,0,0,0,0,0,0,0,0,0,0,0,0,0,1,2,1,1,3,45,46,46,83,149,160,276,414,523,589,622,724,724,1045,1045,1439,1966,2335,2749,2941,4025,4440,4440,6072,7024,7024,8326,9362,10361,10950,12384,13030,14620,15729,16847,18278,19758,20996,21815,22837,24392,26491,28470,30455,32534,34211,35435,37130,38092,40164,42727,44927,47055,48877,51600,54543,57576,60498,63120,64928,66624,68941,71252,75945,78249,79914,81654,82879,85231,93245,96276,99023,103031,105186,106587,109039,112541,115288,120205,122810,125176,127326,129401,132282,134560,136720,138840,140479,141981,144658,147101,150604,152844,155633,157507,158355,160092,160938,161895,163781,165078,165837,166584,168646,169939,171338,173085,174865,176370,177010,178526,179455,180544,181907,182453,182893,183426,184585,186111,186725,187615];


/* ====== Data for Spain ======= */
Spain[dead]:[0,0,0,0,0,0,0,0,0,0,0,0,0,0,0,0,0,0,0,0,0,0,0,0,0,0,0,0,0,0,0,0,0,0,0,0,0,0,0,0,0,1,2,3,5,10,17,28,35,54,55,133,195,289,342,533,623,830,1043,1375,1772,2311,2808,3647,4365,5138,5982,6803,7716,8464,9387,10348,11198,11947,12641,13341,14045,14792,15447,16081,16606,17209,17756,18056,18708,19315,20002,20043,20453,20852,21282,21717,22157,22524,22902,23190,23521,23822,24275,24543,24543,25100,25264,25428,25613,25857,26070,26299,26478,26621,26744,26920,27104,27321,27459,27563,27563,27709,27778,27888,27940,28628,28678,28752,26834,27117,27117,27119,27121,27125,27127,27127,27127,27128,27133,27134,27135,27136,27136,27136,27136,27136,27136,27136,27136,27136,27136,27136,27136,28315,28322,28323,28324,28325,28327,28330,28338];
Spain[infected]:[0,0,0,0,0,0,0,0,0,0,1,1,1,1,1,1,1,1,2,2,2,2,2,2,2,2,2,2,2,2,2,2,2,2,6,13,15,32,45,84,120,165,222,259,400,500,673,1073,1695,2277,2277,5232,6391,7798,9942,11748,13910,17963,20410,25374,28768,35136,39885,49515,57786,65719,73235,80110,87956,95923,104118,112065,119199,126168,131646,136675,141942,148220,153222,158273,163027,166831,170099,172541,177644,184948,190839,191726,198674,200210,204178,208389,213024,202990,205905,207634,209465,210773,212917,213435,215216,216582,217466,218011,219329,220325,221447,222857,223578,224350,227436,228030,228691,229540,230183,230698,230698,231606,232037,232555,233037,234824,235290,235772,235400,236259,236259,237906,238564,239228,239479,239638,239932,240326,240660,240978,241310,241550,241717,241966,242280,242707,243209,243605,243928,244109,244328,244683,245268,245575,245938,246272,246504,246752,247086,247486,247905];
Spain[recovered]:[0,0,0,0,0,0,0,0,0,0,0,0,0,0,0,0,0,0,0,0,0,0,0,0,2,2,2,2,2,2,2,2,2,2,2,2,2,2,2,2,2,2,2,2,2,30,30,32,32,183,183,193,517,517,530,1028,1081,1107,1588,2125,2575,2575,3794,5367,7015,9357,12285,14709,16780,19259,22647,26743,30513,34219,38080,40437,43208,48021,52165,55668,59109,62391,64727,67504,70853,74797,74797,74797,77357,80587,82514,85915,89250,92355,95708,98372,100875,102548,108947,112050,112050,117248,118902,121343,123486,126002,128511,131148,133952,136166,137139,138980,140823,143374,144783,146446,146446,150376,150376,150376,150376,150376,150376,150376,150376,150376,150376,150376,150376,150376,150376,150376,150376,150376,150376,150376,150376,150376,150376,150376,150376,150376,150376,150376,150376,150376,150376,150376,150376,150376,150376,150376,150376,150376,150376,150376,150376];


/* ====== Data for Austria ======= */
Austria[dead]:[0,0,0,0,0,0,0,0,0,0,0,0,0,0,0,0,0,0,0,0,0,0,0,0,0,0,0,0,0,0,0,0,0,0,0,0,0,0,0,0,0,0,0,0,0,0,0,0,0,0,1,1,1,1,3,3,4,6,6,8,16,21,28,30,49,58,68,86,108,128,146,158,168,186,204,220,243,273,295,319,337,350,368,384,393,410,431,443,452,470,491,510,522,530,536,542,549,569,580,584,589,596,598,600,606,608,609,614,615,618,620,623,624,626,628,629,629,629,632,633,633,635,639,640,641,643,645,668,668,668,668,668,669,670,670,672,672,672,672,672,673,674,675,677,677,678,681,687,688,688,688,690,690,693,693,698,698];
Austria[infected]:[0,0,0,0,0,0,0,0,0,0,0,0,0,0,0,0,0,0,0,0,0,0,0,0,0,0,0,0,0,0,0,0,0,0,2,2,3,3,9,14,18,21,29,41,55,79,104,131,182,246,302,504,655,860,1018,1332,1646,2013,2388,2814,3582,4474,5283,5588,6909,7657,8271,8788,9618,10180,10711,11129,11524,11781,12051,12297,12639,12942,13244,13555,13806,13945,14041,14226,14336,14476,14595,14671,14749,14795,14873,14925,15002,15071,15148,15225,15274,15357,15402,15452,15531,15558,15597,15621,15650,15684,15752,15774,15833,15871,15882,15961,15997,16058,16109,16201,16242,16269,16321,16353,16404,16436,16486,16503,16539,16557,16591,16628,16655,16685,16731,16733,16759,16771,16805,16843,16898,16902,16968,16979,17005,17034,17064,17078,17109,17135,17189,17203,17223,17271,17323,17341,17380,17408,17449,17477,17522];
Austria[recovered]:[0,0,0,0,0,0,0,0,0,0,0,0,0,0,0,0,0,0,0,0,0,0,0,0,0,0,0,0,0,0,0,0,0,0,0,0,0,0,0,0,0,0,0,0,0,0,0,2,4,4,4,6,6,6,6,1,9,9,9,9,9,9,9,9,112,225,225,479,636,1095,1436,1749,2022,2507,2998,3463,4046,4512,5240,6064,6604,6987,7343,7633,8098,8986,9704,10214,10501,10631,10971,11328,11694,11872,12103,12282,12362,12580,12779,12907,13110,13180,13228,13316,13462,13639,13698,13836,13928,13991,14061,14148,14304,14405,14471,14524,14563,14614,14678,14882,14951,15005,15037,15063,15138,15182,15228,15286,15347,15520,15593,15596,15629,15672,15717,15742,15789,15793,15839,15875,15910,15949,15985,16012,16059,16066,16089,16099,16101,16141,16175,16197,16241,16261,16282,16320,16348];


/* ====== Data for China ======= */
China[dead]:[17,17,24,40,52,76,125,125,162,204,249,350,414,479,549,618,699,780,871,974,1068,1068,1310,1457,1596,1696,1789,1921,2029,2144,2144,2346,2346,2495,2563,2615,2641,2682,2727,2761,2803,2835,2871,2902,2931,2959,2986,3008,3024,3046,3056,3062,3075,3085,3099,3111,3122,3130,3133,3139,3153,3153,3160,3163,3169,3174,3177,3182,3186,3187,3193,3199,3203,3207,3210,3212,3212,3213,3215,3216,3219,3219,3221,3221,3222,3222,4512,4512,4512,4512,4512,4512,4512,4512,4512,4512,4512,4512,4512,4512,4512,4512,4512,4512,4512,4512,4512,4512,4512,4512,4512,4512,4512,4512,4512,4512,4512,4512,4512,4512,4512,4512,4512,4512,4512,4512,4512,4512,4512,4512,4512,4512,4512,4512,4512,4512,4512,4512,4512,4512,4512,4512,4512,4512,4512,4512,4512,4512,4512,4512,4512,4512,4512,4512,4512,4512,4512];
China[infected]:[444,444,549,761,1058,1423,3554,3554,4903,5806,7153,11177,13522,16678,19665,22112,24953,27100,29631,31728,33366,33366,48206,54406,56249,58182,59989,61682,62031,62442,62662,64084,64084,64287,64786,65187,65596,65914,66337,66907,67103,67217,67332,67466,67592,67666,67707,67743,67760,67773,67781,67786,67790,67794,67798,67799,67800,67800,67800,67800,67800,67800,67801,67801,67801,67801,67801,67801,67801,67801,67802,67802,67802,67803,67803,67803,67803,67803,67803,67803,67803,67803,67803,67803,67803,67803,68128,68128,68128,68128,68128,68128,68128,68128,68128,68128,68128,68128,68128,68128,68128,68128,68128,68128,68128,68128,68128,68128,68129,68134,68134,68134,68134,68134,68134,68134,68134,68135,68135,68135,68135,68135,68135,68135,68135,68135,68135,68135,68135,68135,68135,68135,68135,68135,68135,68135,68135,68135,68135,68135,68135,68135,68135,68135,68135,68135,68135,68135,68135,68135,68135,68135,68135,68135,68135,68135,68135];
China[recovered]:[28,28,31,32,42,45,80,88,90,141,168,295,386,522,633,817,1115,1439,1795,2222,2639,2686,3459,4774,5623,6639,7862,9128,10337,11788,11881,15299,15343,16748,18971,20969,23383,26403,28993,31536,33934,36208,38557,40592,42033,43500,45235,46488,47743,49134,50318,51553,52960,54288,55142,56003,56927,57682,58382,58946,59433,59879,60324,60811,61201,61732,62098,62570,62889,63153,63326,63471,63612,63762,63945,64014,64073,64142,64187,64236,64264,64281,64338,64363,64402,64435,63487,63494,63507,63511,63514,63519,63569,63593,63604,63616,63616,63616,63616,63616,63616,63616,63616,63616,63616,63616,63616,63616,63616,63616,63616,63616,63616,63616,63616,63616,63616,63616,63616,63616,63616,63616,63616,63617,63617,63618,63618,63618,63619,63619,63620,63620,63620,63620,63623,63623,63623,63623,63623,63623,63623,63623,63623,63623,63623,63623,63623,63623,63623,63623,63623,63623,63623,63623,63623,63623,63623];


/* ====== Data for UK ======= */
UK[dead]:[0,0,0,0,0,0,0,0,0,0,0,0,0,0,0,0,0,0,0,0,0,0,0,0,0,0,0,0,0,0,0,0,0,0,0,0,0,0,0,0,0,0,0,0,1,2,2,3,7,7,9,10,28,43,65,81,115,158,194,250,285,359,508,694,877,1161,1455,1669,2043,2425,3095,3747,4461,5221,5865,6433,7471,8505,9608,10760,11599,12285,13029,14073,14915,15944,16879,17994,18492,19051,20223,21060,21787,22792,23635,24055,24393,25302,26097,26771,27510,28131,28446,28734,29427,30076,30615,31241,31587,31855,32065,32692,33186,33614,33998,34466,34636,34796,35341,35704,36042,36393,36675,36793,36914,37048,37460,37837,38161,38376,38489,39045,39369,39728,39904,40261,40465,40542,40597,40883,41128,41279,41481,41662,41698,41736,41969,42153,42288,42461,42589,42632,42647,42927,43081,43230,43414];
UK[infected]:[0,0,0,0,0,0,0,0,0,2,2,2,2,2,2,2,3,3,3,8,8,9,9,9,9,9,9,9,9,9,9,9,9,13,13,13,15,20,23,36,40,51,85,115,163,206,273,321,382,456,456,798,1140,1140,1543,1950,2626,2689,3983,5018,5683,6650,8077,9529,11658,14543,17089,19522,22141,25150,29474,33718,38168,41903,47806,51608,55242,60733,65077,73758,78991,84279,88621,93873,98476,103093,108692,114217,120067,124743,129044,133495,138078,143464,148377,152840,157149,161145,165221,171253,177454,182260,186599,190584,194990,201101,206715,211364,215260,219183,223060,226463,229705,233151,236711,240161,243695,246406,248818,248293,250908,254195,257154,259559,261184,265227,267240,269127,271222,272826,274762,276332,277985,279856,281661,283311,284868,286194,287399,289140,290143,291409,292950,294375,295889,296857,298136,299251,300469,301815,303110,304331,305289,306210,306862,307980,309360];
UK[recovered]:[0,0,0,0,0,0,0,0,0,0,0,0,0,0,0,0,0,0,0,0,0,1,1,1,1,8,8,8,8,8,8,8,8,8,8,8,8,8,8,8,8,8,8,8,8,18,18,18,18,18,18,18,18,18,20,52,65,65,65,65,65,65,135,135,135,135,135,135,135,135,135,135,135,135,135,135,135,135,135,344,344,344,0,0,0,0,0,0,0,0,0,0,0,0,0,0,0,0,0,0,0,0,0,0,0,0,0,0,0,0,0,0,0,0,0,0,0,0,0,0,0,0,0,0,0,0,0,0,0,0,0,0,0,0,0,0,0,0,0,0,0,0,0,0,0,0,0,0,0,0,0,0,0,0,0,0,0];


/* ====== Data for France ======= */
France[dead]:[0,0,0,0,0,0,0,0,0,0,0,0,0,0,0,0,0,0,0,0,0,0,0,0,1,1,1,1,1,1,1,1,1,1,1,2,2,2,2,2,3,4,4,6,9,11,19,19,33,48,48,79,91,91,148,148,148,243,450,562,674,860,1100,1331,1696,1995,2314,2606,3024,3523,4403,5387,6507,7560,8078,8911,10328,10869,12210,13197,13832,14393,14967,15712,17148,17901,18661,19303,19694,20240,20765,21309,21825,22214,22583,22825,23262,23629,24056,24345,24563,24729,24864,25168,25498,25772,25949,26192,26271,26341,26604,26951,27032,27381,27485,27483,28062,28193,27976,28084,28167,28241,28284,28317,28407,28480,28546,28611,28663,28720,28751,28779,28886,28967,29010,29056,29087,29100,29153,29237,29260,29287,29315,29339,29346,29375,29484,29512,29540,29554,29568,29574,29595,29652,29661,29680,29705];
France[infected]:[0,0,2,3,3,3,4,5,5,5,6,6,6,6,6,6,6,11,11,11,11,11,11,11,12,12,12,12,12,12,12,12,12,12,14,18,38,57,100,130,191,204,285,377,653,949,1126,1209,1784,2281,2281,3661,4469,4499,6633,7652,9043,10871,12612,14282,16018,19856,22304,25233,29155,32964,37575,40174,44550,52128,56989,59105,64338,68605,70478,74390,78167,82048,86334,90676,93790,120633,124298,129257,132473,144944,146923,146906,151808,154188,156921,154715,157026,158636,160292,160847,164589,167605,165093,165764,165764,166976,167272,167886,168935,172465,173040,174318,174758,175027,175479,176207,175981,176712,177319,177207,177240,177554,178428,179069,179306,179645,179964,179859,180166,179887,180044,183309,183816,185616,185851,185952,184980,188836,185986,186538,187067,187360,187458,187599,187996,188354,188918,189311,189602,189670,189595,189906,190107,190676,191112,191117,191442,191730,191543,191288,192624];
France[recovered]:[0,0,0,0,0,0,0,0,0,0,0,0,0,0,0,0,0,0,0,0,0,2,2,2,4,4,4,4,4,4,4,4,4,4,11,11,11,11,12,12,12,12,12,12,12,12,12,12,12,12,12,12,12,12,12,12,12,12,12,12,2200,2200,3243,3900,4948,5700,5700,7202,7927,9444,10934,12428,14008,15438,16183,17250,19337,21254,23206,24932,26391,27186,27718,28512,30440,32297,33834,35379,35973,36782,38543,39988,41414,42715,43816,44125,44733,45997,47338,48572,49300,49751,49973,50438,51803,53022,54076,54770,54886,55062,55569,56617,57368,58300,59143,59142,59907,60416,61246,61713,62216,62557,62893,62961,63542,64222,64503,65098,65599,66051,66123,66120,66485,67031,67510,68007,68282,68283,68319,68736,69032,69344,69578,69783,69820,69719,69943,70223,70322,70496,70641,70661,70737,70952,71138,71322,71550];


/* ====== Data for Sweden ======= */
Sweden[dead]:[0,0,0,0,0,0,0,0,0,0,0,0,0,0,0,0,0,0,0,0,0,0,0,0,0,0,0,0,0,0,0,0,0,0,0,0,0,0,0,0,0,0,0,0,0,0,0,0,0,1,1,1,2,3,6,7,10,11,16,20,21,25,36,62,77,105,105,110,146,180,239,308,358,373,401,477,591,687,793,870,887,899,919,1033,1203,1333,1400,1511,1540,1580,1765,1937,2021,2152,2192,2194,2274,2355,2462,2586,2653,2669,2679,2769,2854,2941,3040,3175,3220,3225,3256,3313,3460,3529,3646,3674,3679,3698,3743,3831,3871,3925,3992,3998,4029,4125,4220,4266,4350,4395,4395,4403,4468,4542,4562,4639,4656,4659,4694,4717,4795,4814,4854,4874,4874,4891,4939,5041,5053,5105,5109,5111,5122,5161,5209,5230,5280];
Sweden[infected]:[0,0,0,0,0,0,0,0,0,1,1,1,1,1,1,1,1,1,1,1,1,1,1,1,1,1,1,1,1,1,1,1,1,1,1,2,7,7,12,14,15,21,35,94,101,161,203,248,355,500,599,814,961,1022,1103,1190,1279,1439,1639,1763,1934,2046,2286,2526,2840,3069,3447,3700,4028,4435,4947,5568,6131,6443,6830,7206,7693,8419,9141,9685,10151,10483,10948,11445,11927,12540,13216,13822,14385,14777,15322,16004,16755,17567,18177,18640,18926,19621,20302,21092,21520,22082,22317,22721,23216,23918,24623,25265,25921,26322,26670,27272,27909,28582,29207,29677,30143,30377,30799,31523,32172,32809,33188,33459,33843,34440,35088,35727,36476,37113,37542,37814,38589,40803,41883,42939,43887,44730,45133,45924,46814,48288,49684,50931,51614,52383,53323,54562,56043,58076,58591,58848,58932,60837,62324,63890,65137];
Sweden[recovered]:[0,0,0,0,0,0,0,0,0,0,0,0,0,0,0,0,0,0,0,0,0,0,0,0,0,0,0,0,0,0,0,0,0,0,0,0,0,0,0,0,0,0,0,0,0,0,0,0,0,0,0,0,0,0,0,0,0,0,0,0,0,0,0,0,0,0,0,0,0,0,0,0,0,0,0,0,0,0,0,0,0,0,0,0,0,0,0,0,0,0,0,0,0,0,0,0,0,0,0,0,0,0,0,0,0,0,0,0,0,0,0,0,0,0,0,0,0,0,0,0,0,0,0,0,0,0,0,0,0,0,0,0,0,0,0,0,0,0,0,0,0,0,0,0,0,0,0,0,0,0,0,0,0,0,0,0,0];


